Mtx: 
544.91 0.00 316.75
0.00 606.31 261.07
0.00 0.00 1.00
Revcs: 
[array([[-0.27629668],
       [-0.08453051],
       [-0.01749428]]), array([[-0.45127109],
       [-0.11605833],
       [-0.01260274]]), array([[-0.48130419],
       [-0.09569977],
       [ 0.01259085]]), array([[ 0.38707952],
       [-0.09950832],
       [-0.00944807]]), array([[ 0.31697781],
       [-0.06196865],
       [ 0.19430331]]), array([[ 0.18772145],
       [-0.10423571],
       [ 0.07374407]]), array([[0.19694351],
       [0.08861586],
       [0.06429345]]), array([[ 0.17529027],
       [-0.03833468],
       [ 0.01829953]]), array([[0.20155652],
       [0.07276088],
       [0.03807342]]), array([[0.58702108],
       [0.07530036],
       [0.00249047]]), array([[0.04203599],
       [0.03543754],
       [0.07420085]]), array([[ 0.10276041],
       [-0.11887407],
       [ 0.14762649]]), array([[0.14882136],
       [0.20656532],
       [0.08524947]]), array([[0.19440852],
       [0.0939698 ],
       [0.04325187]]), array([[ 0.14301759],
       [-0.28599597],
       [ 0.09573037]]), array([[0.13056629],
       [0.25758339],
       [0.09361848]]), array([[0.30146841],
       [0.13278365],
       [0.01680917]]), array([[0.38997729],
       [0.12026844],
       [0.00723466]]), array([[0.02724052],
       [0.05689665],
       [0.03875972]]), array([[ 0.00904023],
       [-0.08405994],
       [ 0.09348199]])]
Tvecs: 
[array([[-5.30718913],
       [-3.31667504],
       [17.11210478]]), array([[-4.55266495],
       [-2.08431318],
       [18.72588579]]), array([[-3.37205776],
       [-2.0624349 ],
       [20.44760595]]), array([[-6.44925947],
       [-3.03282848],
       [25.30349411]]), array([[-6.68889536],
       [-7.69000121],
       [32.14146404]]), array([[-3.43115812],
       [-2.4311145 ],
       [18.49983006]]), array([[-2.5506683 ],
       [-2.96657586],
       [19.40078227]]), array([[-3.15321814],
       [-2.64452745],
       [24.89777868]]), array([[-1.35034129],
       [-5.16346944],
       [34.14116179]]), array([[-2.69817673],
       [-4.31850854],
       [24.23866242]]), array([[-3.50568514],
       [-0.96249064],
       [24.1712332 ]]), array([[ 0.22890329],
       [-0.63593488],
       [22.11206771]]), array([[-1.47484436],
       [-2.08258695],
       [23.46181765]]), array([[-1.95205159],
       [-1.40863071],
       [17.81136172]]), array([[-6.64693136],
       [-3.62837164],
       [17.17911411]]), array([[ 2.61612299],
       [-2.72234782],
       [27.96966619]]), array([[-0.58911655],
       [-1.9497549 ],
       [25.39658606]]), array([[-0.24174634],
       [-1.57948559],
       [21.98240519]]), array([[-1.86422846],
       [-0.17985799],
       [24.1246224 ]]), array([[-1.94977212],
       [ 1.01829617],
       [23.90441363]])]
Dist: 
[[ 2.84542709e-01 -1.92052859e+00  1.35772811e-05 -7.62765800e-04
   4.00245238e+00]]
Mtx: 
553.05 0.00 315.55
0.00 632.49 270.17
0.00 0.00 1.00
Revcs: 
[array([[-0.27969662],
       [-0.08571206],
       [-0.01782585]]), array([[-0.45348706],
       [-0.11695767],
       [-0.01289264]]), array([[-0.48347664],
       [-0.09682977],
       [ 0.01235278]]), array([[ 0.38782237],
       [-0.10144223],
       [-0.00917553]]), array([[ 0.31919956],
       [-0.06487616],
       [ 0.19439229]]), array([[ 0.18748338],
       [-0.10453104],
       [ 0.07390374]]), array([[0.19751427],
       [0.08889348],
       [0.06433218]]), array([[ 0.17570522],
       [-0.03832683],
       [ 0.01842536]]), array([[0.20444181],
       [0.07258875],
       [0.03805488]]), array([[0.58741251],
       [0.07401794],
       [0.00278748]]), array([[0.04058325],
       [0.03534714],
       [0.07422039]]), array([[ 0.10059355],
       [-0.11790948],
       [ 0.14793426]])]
Tvecs: 
[array([[-5.33120797],
       [-3.29728638],
       [17.14906587]]), array([[-4.57836617],
       [-2.06457159],
       [18.7631359 ]]), array([[-3.39961349],
       [-2.04160388],
       [20.48805632]]), array([[-6.48279281],
       [-3.00541018],
       [25.35099064]]), array([[-6.73193664],
       [-7.65119076],
       [32.20520055]]), array([[-3.45695065],
       [-2.41298448],
       [18.54377044]]), array([[-2.57719137],
       [-2.94725051],
       [19.44252055]]), array([[-3.18750735],
       [-2.6203107 ],
       [24.9567634 ]]), array([[-1.39733608],
       [-5.12779609],
       [34.21514399]]), array([[-2.73116085],
       [-4.29197435],
       [24.29084081]]), array([[-3.53839303],
       [-0.94028349],
       [24.22397426]]), array([[ 0.19896828],
       [-0.6159636 ],
       [22.17169691]])]
Dist: 
[[]]
Mtx: 
722.92 0.00 415.21
0.00 728.86 277.91
0.00 0.00 1.00
Revcs: 
[array([[ 0.94553764],
       [-0.08149401],
       [-0.02565959]]), array([[-0.08099091],
       [ 0.42732855],
       [-0.06759544]]), array([[-0.11943475],
       [ 0.06897021],
       [ 0.02360761]]), array([[-0.65666806],
       [-0.07993761],
       [-0.01020655]]), array([[-0.15884978],
       [-0.04184337],
       [ 0.00416745]]), array([[ 0.2124783 ],
       [ 0.08653493],
       [-0.08216377]]), array([[-0.58783862],
       [-0.07081781],
       [-0.00134254]]), array([[-0.06952611],
       [-0.41261225],
       [-0.03358235]]), array([[ 0.08467828],
       [-0.3603065 ],
       [-1.38720007]]), array([[-0.54594993],
       [-0.10285236],
       [-0.08240831]]), array([[-0.68888752],
       [-0.30468596],
       [-0.01461353]]), array([[-0.687799  ],
       [-0.31011728],
       [ 0.00846491]]), array([[ 0.31116621],
       [ 0.14730878],
       [-0.05265762]]), array([[0.36515174],
       [0.24225749],
       [0.04521065]]), array([[-0.09070776],
       [-0.61561693],
       [ 0.10444248]]), array([[ 0.14995114],
       [-0.05688407],
       [-0.047781  ]]), array([[0.41169659],
       [0.38792982],
       [0.003885  ]]), array([[-0.1140797 ],
       [-0.62332003],
       [ 0.08973981]]), array([[ 0.06876101],
       [-0.06658716],
       [ 0.00055256]]), array([[ 0.15935041],
       [ 0.44506881],
       [-0.08251044]]), array([[ 0.31458488],
       [ 0.18116503],
       [-0.06543673]]), array([[ 0.45504135],
       [ 0.11167566],
       [-0.12588337]]), array([[ 0.29734577],
       [ 0.14119043],
       [-0.09638934]]), array([[-0.32746194],
       [-0.12974522],
       [ 0.00426   ]]), array([[-0.01080157],
       [-0.04351011],
       [-0.05018442]])]
Tvecs: 
[array([[-3.51688194],
       [-3.17605159],
       [11.03066678]]), array([[-6.35230486],
       [-1.06480911],
       [13.14786112]]), array([[-3.23763822],
       [-0.96163271],
       [14.16529369]]), array([[-6.25707746],
       [-2.34534348],
       [14.03851585]]), array([[-4.9571327 ],
       [-2.32342588],
       [16.70967142]]), array([[-4.08108258],
       [-2.29243257],
       [14.52350098]]), array([[-5.51824855],
       [-3.71529799],
       [14.49977311]]), array([[-3.82898816],
       [-3.86549618],
       [12.9914551 ]]), array([[-3.52543113],
       [ 5.19686245],
       [15.26789164]]), array([[-4.46901066],
       [ 0.17031998],
       [14.81956722]]), array([[-4.40461882],
       [-2.40313392],
       [13.36591333]]), array([[-4.31497361],
       [-2.52868245],
       [13.34250378]]), array([[-6.11497482],
       [ 0.51599833],
       [12.03745011]]), array([[-5.67129097],
       [-1.74727946],
       [12.41031749]]), array([[-2.32680866],
       [-2.92077631],
       [ 9.35443625]]), array([[-5.23092456],
       [-1.64909055],
       [11.90886237]]), array([[-6.64280488],
       [-2.30864826],
       [11.78534217]]), array([[-2.73970241],
       [-1.92592298],
       [ 9.70306221]]), array([[-4.70412574],
       [-0.82593845],
       [11.86065978]]), array([[-4.9939051 ],
       [-3.13259688],
       [14.05005448]]), array([[-6.2645251 ],
       [-0.69675315],
       [11.98724827]]), array([[-4.82113997],
       [-3.52797738],
       [14.86101325]]), array([[-5.35523727],
       [-3.2284485 ],
       [14.86525373]]), array([[-6.07773558],
       [-1.24631308],
       [14.06222762]]), array([[-2.64993197],
       [-1.35101996],
       [11.64068518]])]
Dist: 
[[ 0.04498289 -0.22470724 -0.00337165  0.00902588  0.41894672]]
Mtx: 
722.92 0.00 415.21
0.00 728.86 277.91
0.00 0.00 1.00
Revcs: 
[array([[ 0.94553764],
       [-0.08149401],
       [-0.02565959]]), array([[-0.08099091],
       [ 0.42732855],
       [-0.06759544]]), array([[-0.11943475],
       [ 0.06897021],
       [ 0.02360761]]), array([[-0.65666806],
       [-0.07993761],
       [-0.01020655]]), array([[-0.15884978],
       [-0.04184337],
       [ 0.00416745]]), array([[ 0.2124783 ],
       [ 0.08653493],
       [-0.08216377]]), array([[-0.58783862],
       [-0.07081781],
       [-0.00134254]]), array([[-0.06952611],
       [-0.41261225],
       [-0.03358235]]), array([[ 0.08467828],
       [-0.3603065 ],
       [-1.38720007]]), array([[-0.54594993],
       [-0.10285236],
       [-0.08240831]]), array([[-0.68888752],
       [-0.30468596],
       [-0.01461353]]), array([[-0.687799  ],
       [-0.31011728],
       [ 0.00846491]]), array([[ 0.31116621],
       [ 0.14730878],
       [-0.05265762]]), array([[0.36515174],
       [0.24225749],
       [0.04521065]]), array([[-0.09070776],
       [-0.61561693],
       [ 0.10444248]]), array([[ 0.14995114],
       [-0.05688407],
       [-0.047781  ]]), array([[0.41169659],
       [0.38792982],
       [0.003885  ]]), array([[-0.1140797 ],
       [-0.62332003],
       [ 0.08973981]]), array([[ 0.06876101],
       [-0.06658716],
       [ 0.00055256]]), array([[ 0.15935041],
       [ 0.44506881],
       [-0.08251044]]), array([[ 0.31458488],
       [ 0.18116503],
       [-0.06543673]]), array([[ 0.45504135],
       [ 0.11167566],
       [-0.12588337]]), array([[ 0.29734577],
       [ 0.14119043],
       [-0.09638934]]), array([[-0.32746194],
       [-0.12974522],
       [ 0.00426   ]]), array([[-0.01080157],
       [-0.04351011],
       [-0.05018442]])]
Tvecs: 
[array([[-3.51688194],
       [-3.17605159],
       [11.03066678]]), array([[-6.35230486],
       [-1.06480911],
       [13.14786112]]), array([[-3.23763822],
       [-0.96163271],
       [14.16529369]]), array([[-6.25707746],
       [-2.34534348],
       [14.03851585]]), array([[-4.9571327 ],
       [-2.32342588],
       [16.70967142]]), array([[-4.08108258],
       [-2.29243257],
       [14.52350098]]), array([[-5.51824855],
       [-3.71529799],
       [14.49977311]]), array([[-3.82898816],
       [-3.86549618],
       [12.9914551 ]]), array([[-3.52543113],
       [ 5.19686245],
       [15.26789164]]), array([[-4.46901066],
       [ 0.17031998],
       [14.81956722]]), array([[-4.40461882],
       [-2.40313392],
       [13.36591333]]), array([[-4.31497361],
       [-2.52868245],
       [13.34250378]]), array([[-6.11497482],
       [ 0.51599833],
       [12.03745011]]), array([[-5.67129097],
       [-1.74727946],
       [12.41031749]]), array([[-2.32680866],
       [-2.92077631],
       [ 9.35443625]]), array([[-5.23092456],
       [-1.64909055],
       [11.90886237]]), array([[-6.64280488],
       [-2.30864826],
       [11.78534217]]), array([[-2.73970241],
       [-1.92592298],
       [ 9.70306221]]), array([[-4.70412574],
       [-0.82593845],
       [11.86065978]]), array([[-4.9939051 ],
       [-3.13259688],
       [14.05005448]]), array([[-6.2645251 ],
       [-0.69675315],
       [11.98724827]]), array([[-4.82113997],
       [-3.52797738],
       [14.86101325]]), array([[-5.35523727],
       [-3.2284485 ],
       [14.86525373]]), array([[-6.07773558],
       [-1.24631308],
       [14.06222762]]), array([[-2.64993197],
       [-1.35101996],
       [11.64068518]])]
Dist: 
[[ 0.04498289 -0.22470724 -0.00337165  0.00902588  0.41894672]]
Mtx: 
722.92 0.00 415.21
0.00 728.86 277.91
0.00 0.00 1.00
Revcs: 
[array([[ 0.94553764],
       [-0.08149401],
       [-0.02565959]]), array([[-0.08099091],
       [ 0.42732855],
       [-0.06759544]]), array([[-0.11943475],
       [ 0.06897021],
       [ 0.02360761]]), array([[-0.65666806],
       [-0.07993761],
       [-0.01020655]]), array([[-0.15884978],
       [-0.04184337],
       [ 0.00416745]]), array([[ 0.2124783 ],
       [ 0.08653493],
       [-0.08216377]]), array([[-0.58783862],
       [-0.07081781],
       [-0.00134254]]), array([[-0.06952611],
       [-0.41261225],
       [-0.03358235]]), array([[ 0.08467828],
       [-0.3603065 ],
       [-1.38720007]]), array([[-0.54594993],
       [-0.10285236],
       [-0.08240831]]), array([[-0.68888752],
       [-0.30468596],
       [-0.01461353]]), array([[-0.687799  ],
       [-0.31011728],
       [ 0.00846491]]), array([[ 0.31116621],
       [ 0.14730878],
       [-0.05265762]]), array([[0.36515174],
       [0.24225749],
       [0.04521065]]), array([[-0.09070776],
       [-0.61561693],
       [ 0.10444248]]), array([[ 0.14995114],
       [-0.05688407],
       [-0.047781  ]]), array([[0.41169659],
       [0.38792982],
       [0.003885  ]]), array([[-0.1140797 ],
       [-0.62332003],
       [ 0.08973981]]), array([[ 0.06876101],
       [-0.06658716],
       [ 0.00055256]]), array([[ 0.15935041],
       [ 0.44506881],
       [-0.08251044]]), array([[ 0.31458488],
       [ 0.18116503],
       [-0.06543673]]), array([[ 0.45504135],
       [ 0.11167566],
       [-0.12588337]]), array([[ 0.29734577],
       [ 0.14119043],
       [-0.09638934]]), array([[-0.32746194],
       [-0.12974522],
       [ 0.00426   ]]), array([[-0.01080157],
       [-0.04351011],
       [-0.05018442]])]
Tvecs: 
[array([[-3.51688194],
       [-3.17605159],
       [11.03066678]]), array([[-6.35230486],
       [-1.06480911],
       [13.14786112]]), array([[-3.23763822],
       [-0.96163271],
       [14.16529369]]), array([[-6.25707746],
       [-2.34534348],
       [14.03851585]]), array([[-4.9571327 ],
       [-2.32342588],
       [16.70967142]]), array([[-4.08108258],
       [-2.29243257],
       [14.52350098]]), array([[-5.51824855],
       [-3.71529799],
       [14.49977311]]), array([[-3.82898816],
       [-3.86549618],
       [12.9914551 ]]), array([[-3.52543113],
       [ 5.19686245],
       [15.26789164]]), array([[-4.46901066],
       [ 0.17031998],
       [14.81956722]]), array([[-4.40461882],
       [-2.40313392],
       [13.36591333]]), array([[-4.31497361],
       [-2.52868245],
       [13.34250378]]), array([[-6.11497482],
       [ 0.51599833],
       [12.03745011]]), array([[-5.67129097],
       [-1.74727946],
       [12.41031749]]), array([[-2.32680866],
       [-2.92077631],
       [ 9.35443625]]), array([[-5.23092456],
       [-1.64909055],
       [11.90886237]]), array([[-6.64280488],
       [-2.30864826],
       [11.78534217]]), array([[-2.73970241],
       [-1.92592298],
       [ 9.70306221]]), array([[-4.70412574],
       [-0.82593845],
       [11.86065978]]), array([[-4.9939051 ],
       [-3.13259688],
       [14.05005448]]), array([[-6.2645251 ],
       [-0.69675315],
       [11.98724827]]), array([[-4.82113997],
       [-3.52797738],
       [14.86101325]]), array([[-5.35523727],
       [-3.2284485 ],
       [14.86525373]]), array([[-6.07773558],
       [-1.24631308],
       [14.06222762]]), array([[-2.64993197],
       [-1.35101996],
       [11.64068518]])]
Dist: 
[[ 0.04498289 -0.22470724 -0.00337165  0.00902588  0.41894672]]
Mtx: 
722.92 0.00 415.21
0.00 728.86 277.91
0.00 0.00 1.00
Revcs: 
[array([[ 0.94553764],
       [-0.08149401],
       [-0.02565959]]), array([[-0.08099091],
       [ 0.42732855],
       [-0.06759544]]), array([[-0.11943475],
       [ 0.06897021],
       [ 0.02360761]]), array([[-0.65666806],
       [-0.07993761],
       [-0.01020655]]), array([[-0.15884978],
       [-0.04184337],
       [ 0.00416745]]), array([[ 0.2124783 ],
       [ 0.08653493],
       [-0.08216377]]), array([[-0.58783862],
       [-0.07081781],
       [-0.00134254]]), array([[-0.06952611],
       [-0.41261225],
       [-0.03358235]]), array([[ 0.08467828],
       [-0.3603065 ],
       [-1.38720007]]), array([[-0.54594993],
       [-0.10285236],
       [-0.08240831]]), array([[-0.68888752],
       [-0.30468596],
       [-0.01461353]]), array([[-0.687799  ],
       [-0.31011728],
       [ 0.00846491]]), array([[ 0.31116621],
       [ 0.14730878],
       [-0.05265762]]), array([[0.36515174],
       [0.24225749],
       [0.04521065]]), array([[-0.09070776],
       [-0.61561693],
       [ 0.10444248]]), array([[ 0.14995114],
       [-0.05688407],
       [-0.047781  ]]), array([[0.41169659],
       [0.38792982],
       [0.003885  ]]), array([[-0.1140797 ],
       [-0.62332003],
       [ 0.08973981]]), array([[ 0.06876101],
       [-0.06658716],
       [ 0.00055256]]), array([[ 0.15935041],
       [ 0.44506881],
       [-0.08251044]]), array([[ 0.31458488],
       [ 0.18116503],
       [-0.06543673]]), array([[ 0.45504135],
       [ 0.11167566],
       [-0.12588337]]), array([[ 0.29734577],
       [ 0.14119043],
       [-0.09638934]]), array([[-0.32746194],
       [-0.12974522],
       [ 0.00426   ]]), array([[-0.01080157],
       [-0.04351011],
       [-0.05018442]])]
Tvecs: 
[array([[-3.51688194],
       [-3.17605159],
       [11.03066678]]), array([[-6.35230486],
       [-1.06480911],
       [13.14786112]]), array([[-3.23763822],
       [-0.96163271],
       [14.16529369]]), array([[-6.25707746],
       [-2.34534348],
       [14.03851585]]), array([[-4.9571327 ],
       [-2.32342588],
       [16.70967142]]), array([[-4.08108258],
       [-2.29243257],
       [14.52350098]]), array([[-5.51824855],
       [-3.71529799],
       [14.49977311]]), array([[-3.82898816],
       [-3.86549618],
       [12.9914551 ]]), array([[-3.52543113],
       [ 5.19686245],
       [15.26789164]]), array([[-4.46901066],
       [ 0.17031998],
       [14.81956722]]), array([[-4.40461882],
       [-2.40313392],
       [13.36591333]]), array([[-4.31497361],
       [-2.52868245],
       [13.34250378]]), array([[-6.11497482],
       [ 0.51599833],
       [12.03745011]]), array([[-5.67129097],
       [-1.74727946],
       [12.41031749]]), array([[-2.32680866],
       [-2.92077631],
       [ 9.35443625]]), array([[-5.23092456],
       [-1.64909055],
       [11.90886237]]), array([[-6.64280488],
       [-2.30864826],
       [11.78534217]]), array([[-2.73970241],
       [-1.92592298],
       [ 9.70306221]]), array([[-4.70412574],
       [-0.82593845],
       [11.86065978]]), array([[-4.9939051 ],
       [-3.13259688],
       [14.05005448]]), array([[-6.2645251 ],
       [-0.69675315],
       [11.98724827]]), array([[-4.82113997],
       [-3.52797738],
       [14.86101325]]), array([[-5.35523727],
       [-3.2284485 ],
       [14.86525373]]), array([[-6.07773558],
       [-1.24631308],
       [14.06222762]]), array([[-2.64993197],
       [-1.35101996],
       [11.64068518]])]
Dist: 
[[ 0.04498289 -0.22470724 -0.00337165  0.00902588  0.41894672]]
Mtx: 
722.92 0.00 415.21
0.00 728.86 277.91
0.00 0.00 1.00
Revcs: 
[array([[ 0.94553764],
       [-0.08149401],
       [-0.02565959]]), array([[-0.08099091],
       [ 0.42732855],
       [-0.06759544]]), array([[-0.11943475],
       [ 0.06897021],
       [ 0.02360761]]), array([[-0.65666806],
       [-0.07993761],
       [-0.01020655]]), array([[-0.15884978],
       [-0.04184337],
       [ 0.00416745]]), array([[ 0.2124783 ],
       [ 0.08653493],
       [-0.08216377]]), array([[-0.58783862],
       [-0.07081781],
       [-0.00134254]]), array([[-0.06952611],
       [-0.41261225],
       [-0.03358235]]), array([[ 0.08467828],
       [-0.3603065 ],
       [-1.38720007]]), array([[-0.54594993],
       [-0.10285236],
       [-0.08240831]]), array([[-0.68888752],
       [-0.30468596],
       [-0.01461353]]), array([[-0.687799  ],
       [-0.31011728],
       [ 0.00846491]]), array([[ 0.31116621],
       [ 0.14730878],
       [-0.05265762]]), array([[0.36515174],
       [0.24225749],
       [0.04521065]]), array([[-0.09070776],
       [-0.61561693],
       [ 0.10444248]]), array([[ 0.14995114],
       [-0.05688407],
       [-0.047781  ]]), array([[0.41169659],
       [0.38792982],
       [0.003885  ]]), array([[-0.1140797 ],
       [-0.62332003],
       [ 0.08973981]]), array([[ 0.06876101],
       [-0.06658716],
       [ 0.00055256]]), array([[ 0.15935041],
       [ 0.44506881],
       [-0.08251044]]), array([[ 0.31458488],
       [ 0.18116503],
       [-0.06543673]]), array([[ 0.45504135],
       [ 0.11167566],
       [-0.12588337]]), array([[ 0.29734577],
       [ 0.14119043],
       [-0.09638934]]), array([[-0.32746194],
       [-0.12974522],
       [ 0.00426   ]]), array([[-0.01080157],
       [-0.04351011],
       [-0.05018442]])]
Tvecs: 
[array([[-3.51688194],
       [-3.17605159],
       [11.03066678]]), array([[-6.35230486],
       [-1.06480911],
       [13.14786112]]), array([[-3.23763822],
       [-0.96163271],
       [14.16529369]]), array([[-6.25707746],
       [-2.34534348],
       [14.03851585]]), array([[-4.9571327 ],
       [-2.32342588],
       [16.70967142]]), array([[-4.08108258],
       [-2.29243257],
       [14.52350098]]), array([[-5.51824855],
       [-3.71529799],
       [14.49977311]]), array([[-3.82898816],
       [-3.86549618],
       [12.9914551 ]]), array([[-3.52543113],
       [ 5.19686245],
       [15.26789164]]), array([[-4.46901066],
       [ 0.17031998],
       [14.81956722]]), array([[-4.40461882],
       [-2.40313392],
       [13.36591333]]), array([[-4.31497361],
       [-2.52868245],
       [13.34250378]]), array([[-6.11497482],
       [ 0.51599833],
       [12.03745011]]), array([[-5.67129097],
       [-1.74727946],
       [12.41031749]]), array([[-2.32680866],
       [-2.92077631],
       [ 9.35443625]]), array([[-5.23092456],
       [-1.64909055],
       [11.90886237]]), array([[-6.64280488],
       [-2.30864826],
       [11.78534217]]), array([[-2.73970241],
       [-1.92592298],
       [ 9.70306221]]), array([[-4.70412574],
       [-0.82593845],
       [11.86065978]]), array([[-4.9939051 ],
       [-3.13259688],
       [14.05005448]]), array([[-6.2645251 ],
       [-0.69675315],
       [11.98724827]]), array([[-4.82113997],
       [-3.52797738],
       [14.86101325]]), array([[-5.35523727],
       [-3.2284485 ],
       [14.86525373]]), array([[-6.07773558],
       [-1.24631308],
       [14.06222762]]), array([[-2.64993197],
       [-1.35101996],
       [11.64068518]])]
Dist: 
[[ 0.04498289 -0.22470724 -0.00337165  0.00902588  0.41894672]]
Mtx: 
722.92 0.00 415.21
0.00 728.86 277.91
0.00 0.00 1.00
Revcs: 
[array([[ 0.94553764],
       [-0.08149401],
       [-0.02565959]]), array([[-0.08099091],
       [ 0.42732855],
       [-0.06759544]]), array([[-0.11943475],
       [ 0.06897021],
       [ 0.02360761]]), array([[-0.65666806],
       [-0.07993761],
       [-0.01020655]]), array([[-0.15884978],
       [-0.04184337],
       [ 0.00416745]]), array([[ 0.2124783 ],
       [ 0.08653493],
       [-0.08216377]]), array([[-0.58783862],
       [-0.07081781],
       [-0.00134254]]), array([[-0.06952611],
       [-0.41261225],
       [-0.03358235]]), array([[ 0.08467828],
       [-0.3603065 ],
       [-1.38720007]]), array([[-0.54594993],
       [-0.10285236],
       [-0.08240831]]), array([[-0.68888752],
       [-0.30468596],
       [-0.01461353]]), array([[-0.687799  ],
       [-0.31011728],
       [ 0.00846491]]), array([[ 0.31116621],
       [ 0.14730878],
       [-0.05265762]]), array([[0.36515174],
       [0.24225749],
       [0.04521065]]), array([[-0.09070776],
       [-0.61561693],
       [ 0.10444248]]), array([[ 0.14995114],
       [-0.05688407],
       [-0.047781  ]]), array([[0.41169659],
       [0.38792982],
       [0.003885  ]]), array([[-0.1140797 ],
       [-0.62332003],
       [ 0.08973981]]), array([[ 0.06876101],
       [-0.06658716],
       [ 0.00055256]]), array([[ 0.15935041],
       [ 0.44506881],
       [-0.08251044]]), array([[ 0.31458488],
       [ 0.18116503],
       [-0.06543673]]), array([[ 0.45504135],
       [ 0.11167566],
       [-0.12588337]]), array([[ 0.29734577],
       [ 0.14119043],
       [-0.09638934]]), array([[-0.32746194],
       [-0.12974522],
       [ 0.00426   ]]), array([[-0.01080157],
       [-0.04351011],
       [-0.05018442]])]
Tvecs: 
[array([[-3.51688194],
       [-3.17605159],
       [11.03066678]]), array([[-6.35230486],
       [-1.06480911],
       [13.14786112]]), array([[-3.23763822],
       [-0.96163271],
       [14.16529369]]), array([[-6.25707746],
       [-2.34534348],
       [14.03851585]]), array([[-4.9571327 ],
       [-2.32342588],
       [16.70967142]]), array([[-4.08108258],
       [-2.29243257],
       [14.52350098]]), array([[-5.51824855],
       [-3.71529799],
       [14.49977311]]), array([[-3.82898816],
       [-3.86549618],
       [12.9914551 ]]), array([[-3.52543113],
       [ 5.19686245],
       [15.26789164]]), array([[-4.46901066],
       [ 0.17031998],
       [14.81956722]]), array([[-4.40461882],
       [-2.40313392],
       [13.36591333]]), array([[-4.31497361],
       [-2.52868245],
       [13.34250378]]), array([[-6.11497482],
       [ 0.51599833],
       [12.03745011]]), array([[-5.67129097],
       [-1.74727946],
       [12.41031749]]), array([[-2.32680866],
       [-2.92077631],
       [ 9.35443625]]), array([[-5.23092456],
       [-1.64909055],
       [11.90886237]]), array([[-6.64280488],
       [-2.30864826],
       [11.78534217]]), array([[-2.73970241],
       [-1.92592298],
       [ 9.70306221]]), array([[-4.70412574],
       [-0.82593845],
       [11.86065978]]), array([[-4.9939051 ],
       [-3.13259688],
       [14.05005448]]), array([[-6.2645251 ],
       [-0.69675315],
       [11.98724827]]), array([[-4.82113997],
       [-3.52797738],
       [14.86101325]]), array([[-5.35523727],
       [-3.2284485 ],
       [14.86525373]]), array([[-6.07773558],
       [-1.24631308],
       [14.06222762]]), array([[-2.64993197],
       [-1.35101996],
       [11.64068518]])]
Dist: 
[[ 0.04498289 -0.22470724 -0.00337165  0.00902588  0.41894672]]
Mtx: 
722.92 0.00 415.21
0.00 728.86 277.91
0.00 0.00 1.00
Revcs: 
[array([[ 0.94553764],
       [-0.08149401],
       [-0.02565959]]), array([[-0.08099091],
       [ 0.42732855],
       [-0.06759544]]), array([[-0.11943475],
       [ 0.06897021],
       [ 0.02360761]]), array([[-0.65666806],
       [-0.07993761],
       [-0.01020655]]), array([[-0.15884978],
       [-0.04184337],
       [ 0.00416745]]), array([[ 0.2124783 ],
       [ 0.08653493],
       [-0.08216377]]), array([[-0.58783862],
       [-0.07081781],
       [-0.00134254]]), array([[-0.06952611],
       [-0.41261225],
       [-0.03358235]]), array([[ 0.08467828],
       [-0.3603065 ],
       [-1.38720007]]), array([[-0.54594993],
       [-0.10285236],
       [-0.08240831]]), array([[-0.68888752],
       [-0.30468596],
       [-0.01461353]]), array([[-0.687799  ],
       [-0.31011728],
       [ 0.00846491]]), array([[ 0.31116621],
       [ 0.14730878],
       [-0.05265762]]), array([[0.36515174],
       [0.24225749],
       [0.04521065]]), array([[-0.09070776],
       [-0.61561693],
       [ 0.10444248]]), array([[ 0.14995114],
       [-0.05688407],
       [-0.047781  ]]), array([[0.41169659],
       [0.38792982],
       [0.003885  ]]), array([[-0.1140797 ],
       [-0.62332003],
       [ 0.08973981]]), array([[ 0.06876101],
       [-0.06658716],
       [ 0.00055256]]), array([[ 0.15935041],
       [ 0.44506881],
       [-0.08251044]]), array([[ 0.31458488],
       [ 0.18116503],
       [-0.06543673]]), array([[ 0.45504135],
       [ 0.11167566],
       [-0.12588337]]), array([[ 0.29734577],
       [ 0.14119043],
       [-0.09638934]]), array([[-0.32746194],
       [-0.12974522],
       [ 0.00426   ]]), array([[-0.01080157],
       [-0.04351011],
       [-0.05018442]])]
Tvecs: 
[array([[-3.51688194],
       [-3.17605159],
       [11.03066678]]), array([[-6.35230486],
       [-1.06480911],
       [13.14786112]]), array([[-3.23763822],
       [-0.96163271],
       [14.16529369]]), array([[-6.25707746],
       [-2.34534348],
       [14.03851585]]), array([[-4.9571327 ],
       [-2.32342588],
       [16.70967142]]), array([[-4.08108258],
       [-2.29243257],
       [14.52350098]]), array([[-5.51824855],
       [-3.71529799],
       [14.49977311]]), array([[-3.82898816],
       [-3.86549618],
       [12.9914551 ]]), array([[-3.52543113],
       [ 5.19686245],
       [15.26789164]]), array([[-4.46901066],
       [ 0.17031998],
       [14.81956722]]), array([[-4.40461882],
       [-2.40313392],
       [13.36591333]]), array([[-4.31497361],
       [-2.52868245],
       [13.34250378]]), array([[-6.11497482],
       [ 0.51599833],
       [12.03745011]]), array([[-5.67129097],
       [-1.74727946],
       [12.41031749]]), array([[-2.32680866],
       [-2.92077631],
       [ 9.35443625]]), array([[-5.23092456],
       [-1.64909055],
       [11.90886237]]), array([[-6.64280488],
       [-2.30864826],
       [11.78534217]]), array([[-2.73970241],
       [-1.92592298],
       [ 9.70306221]]), array([[-4.70412574],
       [-0.82593845],
       [11.86065978]]), array([[-4.9939051 ],
       [-3.13259688],
       [14.05005448]]), array([[-6.2645251 ],
       [-0.69675315],
       [11.98724827]]), array([[-4.82113997],
       [-3.52797738],
       [14.86101325]]), array([[-5.35523727],
       [-3.2284485 ],
       [14.86525373]]), array([[-6.07773558],
       [-1.24631308],
       [14.06222762]]), array([[-2.64993197],
       [-1.35101996],
       [11.64068518]])]
Dist: 
[[ 0.04498289 -0.22470724 -0.00337165  0.00902588  0.41894672]]
Mtx: 
722.92 0.00 415.21
0.00 728.86 277.91
0.00 0.00 1.00
Revcs: 
[array([[ 0.94553764],
       [-0.08149401],
       [-0.02565959]]), array([[-0.08099091],
       [ 0.42732855],
       [-0.06759544]]), array([[-0.11943475],
       [ 0.06897021],
       [ 0.02360761]]), array([[-0.65666806],
       [-0.07993761],
       [-0.01020655]]), array([[-0.15884978],
       [-0.04184337],
       [ 0.00416745]]), array([[ 0.2124783 ],
       [ 0.08653493],
       [-0.08216377]]), array([[-0.58783862],
       [-0.07081781],
       [-0.00134254]]), array([[-0.06952611],
       [-0.41261225],
       [-0.03358235]]), array([[ 0.08467828],
       [-0.3603065 ],
       [-1.38720007]]), array([[-0.54594993],
       [-0.10285236],
       [-0.08240831]]), array([[-0.68888752],
       [-0.30468596],
       [-0.01461353]]), array([[-0.687799  ],
       [-0.31011728],
       [ 0.00846491]]), array([[ 0.31116621],
       [ 0.14730878],
       [-0.05265762]]), array([[0.36515174],
       [0.24225749],
       [0.04521065]]), array([[-0.09070776],
       [-0.61561693],
       [ 0.10444248]]), array([[ 0.14995114],
       [-0.05688407],
       [-0.047781  ]]), array([[0.41169659],
       [0.38792982],
       [0.003885  ]]), array([[-0.1140797 ],
       [-0.62332003],
       [ 0.08973981]]), array([[ 0.06876101],
       [-0.06658716],
       [ 0.00055256]]), array([[ 0.15935041],
       [ 0.44506881],
       [-0.08251044]]), array([[ 0.31458488],
       [ 0.18116503],
       [-0.06543673]]), array([[ 0.45504135],
       [ 0.11167566],
       [-0.12588337]]), array([[ 0.29734577],
       [ 0.14119043],
       [-0.09638934]]), array([[-0.32746194],
       [-0.12974522],
       [ 0.00426   ]]), array([[-0.01080157],
       [-0.04351011],
       [-0.05018442]])]
Tvecs: 
[array([[-3.51688194],
       [-3.17605159],
       [11.03066678]]), array([[-6.35230486],
       [-1.06480911],
       [13.14786112]]), array([[-3.23763822],
       [-0.96163271],
       [14.16529369]]), array([[-6.25707746],
       [-2.34534348],
       [14.03851585]]), array([[-4.9571327 ],
       [-2.32342588],
       [16.70967142]]), array([[-4.08108258],
       [-2.29243257],
       [14.52350098]]), array([[-5.51824855],
       [-3.71529799],
       [14.49977311]]), array([[-3.82898816],
       [-3.86549618],
       [12.9914551 ]]), array([[-3.52543113],
       [ 5.19686245],
       [15.26789164]]), array([[-4.46901066],
       [ 0.17031998],
       [14.81956722]]), array([[-4.40461882],
       [-2.40313392],
       [13.36591333]]), array([[-4.31497361],
       [-2.52868245],
       [13.34250378]]), array([[-6.11497482],
       [ 0.51599833],
       [12.03745011]]), array([[-5.67129097],
       [-1.74727946],
       [12.41031749]]), array([[-2.32680866],
       [-2.92077631],
       [ 9.35443625]]), array([[-5.23092456],
       [-1.64909055],
       [11.90886237]]), array([[-6.64280488],
       [-2.30864826],
       [11.78534217]]), array([[-2.73970241],
       [-1.92592298],
       [ 9.70306221]]), array([[-4.70412574],
       [-0.82593845],
       [11.86065978]]), array([[-4.9939051 ],
       [-3.13259688],
       [14.05005448]]), array([[-6.2645251 ],
       [-0.69675315],
       [11.98724827]]), array([[-4.82113997],
       [-3.52797738],
       [14.86101325]]), array([[-5.35523727],
       [-3.2284485 ],
       [14.86525373]]), array([[-6.07773558],
       [-1.24631308],
       [14.06222762]]), array([[-2.64993197],
       [-1.35101996],
       [11.64068518]])]
Dist: 
[[ 0.04498289 -0.22470724 -0.00337165  0.00902588  0.41894672]]
Mtx: 
722.92 0.00 415.21
0.00 728.86 277.91
0.00 0.00 1.00
Revcs: 
[array([[ 0.94553764],
       [-0.08149401],
       [-0.02565959]]), array([[-0.08099091],
       [ 0.42732855],
       [-0.06759544]]), array([[-0.11943475],
       [ 0.06897021],
       [ 0.02360761]]), array([[-0.65666806],
       [-0.07993761],
       [-0.01020655]]), array([[-0.15884978],
       [-0.04184337],
       [ 0.00416745]]), array([[ 0.2124783 ],
       [ 0.08653493],
       [-0.08216377]]), array([[-0.58783862],
       [-0.07081781],
       [-0.00134254]]), array([[-0.06952611],
       [-0.41261225],
       [-0.03358235]]), array([[ 0.08467828],
       [-0.3603065 ],
       [-1.38720007]]), array([[-0.54594993],
       [-0.10285236],
       [-0.08240831]]), array([[-0.68888752],
       [-0.30468596],
       [-0.01461353]]), array([[-0.687799  ],
       [-0.31011728],
       [ 0.00846491]]), array([[ 0.31116621],
       [ 0.14730878],
       [-0.05265762]]), array([[0.36515174],
       [0.24225749],
       [0.04521065]]), array([[-0.09070776],
       [-0.61561693],
       [ 0.10444248]]), array([[ 0.14995114],
       [-0.05688407],
       [-0.047781  ]]), array([[0.41169659],
       [0.38792982],
       [0.003885  ]]), array([[-0.1140797 ],
       [-0.62332003],
       [ 0.08973981]]), array([[ 0.06876101],
       [-0.06658716],
       [ 0.00055256]]), array([[ 0.15935041],
       [ 0.44506881],
       [-0.08251044]]), array([[ 0.31458488],
       [ 0.18116503],
       [-0.06543673]]), array([[ 0.45504135],
       [ 0.11167566],
       [-0.12588337]]), array([[ 0.29734577],
       [ 0.14119043],
       [-0.09638934]]), array([[-0.32746194],
       [-0.12974522],
       [ 0.00426   ]]), array([[-0.01080157],
       [-0.04351011],
       [-0.05018442]])]
Tvecs: 
[array([[-3.51688194],
       [-3.17605159],
       [11.03066678]]), array([[-6.35230486],
       [-1.06480911],
       [13.14786112]]), array([[-3.23763822],
       [-0.96163271],
       [14.16529369]]), array([[-6.25707746],
       [-2.34534348],
       [14.03851585]]), array([[-4.9571327 ],
       [-2.32342588],
       [16.70967142]]), array([[-4.08108258],
       [-2.29243257],
       [14.52350098]]), array([[-5.51824855],
       [-3.71529799],
       [14.49977311]]), array([[-3.82898816],
       [-3.86549618],
       [12.9914551 ]]), array([[-3.52543113],
       [ 5.19686245],
       [15.26789164]]), array([[-4.46901066],
       [ 0.17031998],
       [14.81956722]]), array([[-4.40461882],
       [-2.40313392],
       [13.36591333]]), array([[-4.31497361],
       [-2.52868245],
       [13.34250378]]), array([[-6.11497482],
       [ 0.51599833],
       [12.03745011]]), array([[-5.67129097],
       [-1.74727946],
       [12.41031749]]), array([[-2.32680866],
       [-2.92077631],
       [ 9.35443625]]), array([[-5.23092456],
       [-1.64909055],
       [11.90886237]]), array([[-6.64280488],
       [-2.30864826],
       [11.78534217]]), array([[-2.73970241],
       [-1.92592298],
       [ 9.70306221]]), array([[-4.70412574],
       [-0.82593845],
       [11.86065978]]), array([[-4.9939051 ],
       [-3.13259688],
       [14.05005448]]), array([[-6.2645251 ],
       [-0.69675315],
       [11.98724827]]), array([[-4.82113997],
       [-3.52797738],
       [14.86101325]]), array([[-5.35523727],
       [-3.2284485 ],
       [14.86525373]]), array([[-6.07773558],
       [-1.24631308],
       [14.06222762]]), array([[-2.64993197],
       [-1.35101996],
       [11.64068518]])]
Dist: 
[[ 0.04498289 -0.22470724 -0.00337165  0.00902588  0.41894672]]
Mtx: 
722.92 0.00 415.21
0.00 728.86 277.91
0.00 0.00 1.00
Revcs: 
[array([[ 0.94553764],
       [-0.08149401],
       [-0.02565959]]), array([[-0.08099091],
       [ 0.42732855],
       [-0.06759544]]), array([[-0.11943475],
       [ 0.06897021],
       [ 0.02360761]]), array([[-0.65666806],
       [-0.07993761],
       [-0.01020655]]), array([[-0.15884978],
       [-0.04184337],
       [ 0.00416745]]), array([[ 0.2124783 ],
       [ 0.08653493],
       [-0.08216377]]), array([[-0.58783862],
       [-0.07081781],
       [-0.00134254]]), array([[-0.06952611],
       [-0.41261225],
       [-0.03358235]]), array([[ 0.08467828],
       [-0.3603065 ],
       [-1.38720007]]), array([[-0.54594993],
       [-0.10285236],
       [-0.08240831]]), array([[-0.68888752],
       [-0.30468596],
       [-0.01461353]]), array([[-0.687799  ],
       [-0.31011728],
       [ 0.00846491]]), array([[ 0.31116621],
       [ 0.14730878],
       [-0.05265762]]), array([[0.36515174],
       [0.24225749],
       [0.04521065]]), array([[-0.09070776],
       [-0.61561693],
       [ 0.10444248]]), array([[ 0.14995114],
       [-0.05688407],
       [-0.047781  ]]), array([[0.41169659],
       [0.38792982],
       [0.003885  ]]), array([[-0.1140797 ],
       [-0.62332003],
       [ 0.08973981]]), array([[ 0.06876101],
       [-0.06658716],
       [ 0.00055256]]), array([[ 0.15935041],
       [ 0.44506881],
       [-0.08251044]]), array([[ 0.31458488],
       [ 0.18116503],
       [-0.06543673]]), array([[ 0.45504135],
       [ 0.11167566],
       [-0.12588337]]), array([[ 0.29734577],
       [ 0.14119043],
       [-0.09638934]]), array([[-0.32746194],
       [-0.12974522],
       [ 0.00426   ]]), array([[-0.01080157],
       [-0.04351011],
       [-0.05018442]])]
Tvecs: 
[array([[-3.51688194],
       [-3.17605159],
       [11.03066678]]), array([[-6.35230486],
       [-1.06480911],
       [13.14786112]]), array([[-3.23763822],
       [-0.96163271],
       [14.16529369]]), array([[-6.25707746],
       [-2.34534348],
       [14.03851585]]), array([[-4.9571327 ],
       [-2.32342588],
       [16.70967142]]), array([[-4.08108258],
       [-2.29243257],
       [14.52350098]]), array([[-5.51824855],
       [-3.71529799],
       [14.49977311]]), array([[-3.82898816],
       [-3.86549618],
       [12.9914551 ]]), array([[-3.52543113],
       [ 5.19686245],
       [15.26789164]]), array([[-4.46901066],
       [ 0.17031998],
       [14.81956722]]), array([[-4.40461882],
       [-2.40313392],
       [13.36591333]]), array([[-4.31497361],
       [-2.52868245],
       [13.34250378]]), array([[-6.11497482],
       [ 0.51599833],
       [12.03745011]]), array([[-5.67129097],
       [-1.74727946],
       [12.41031749]]), array([[-2.32680866],
       [-2.92077631],
       [ 9.35443625]]), array([[-5.23092456],
       [-1.64909055],
       [11.90886237]]), array([[-6.64280488],
       [-2.30864826],
       [11.78534217]]), array([[-2.73970241],
       [-1.92592298],
       [ 9.70306221]]), array([[-4.70412574],
       [-0.82593845],
       [11.86065978]]), array([[-4.9939051 ],
       [-3.13259688],
       [14.05005448]]), array([[-6.2645251 ],
       [-0.69675315],
       [11.98724827]]), array([[-4.82113997],
       [-3.52797738],
       [14.86101325]]), array([[-5.35523727],
       [-3.2284485 ],
       [14.86525373]]), array([[-6.07773558],
       [-1.24631308],
       [14.06222762]]), array([[-2.64993197],
       [-1.35101996],
       [11.64068518]])]
Dist: 
[[ 0.04498289 -0.22470724 -0.00337165  0.00902588  0.41894672]]
Mtx: 
722.65 0.00 415.60
0.00 729.33 279.23
0.00 0.00 1.00
Revcs: 
[array([[ 0.94649439],
       [-0.08204582],
       [-0.02555536]]), array([[-0.87408301],
       [ 0.6152728 ],
       [ 1.08972759]]), array([[-1.01213306],
       [ 0.10959742],
       [ 0.1638678 ]]), array([[-1.01516717],
       [-0.07074555],
       [-0.16595824]]), array([[-0.07964484],
       [ 0.42671251],
       [-0.06726271]]), array([[-0.11807308],
       [ 0.06896652],
       [ 0.02357212]]), array([[-0.65552779],
       [-0.08069897],
       [-0.01030518]]), array([[-0.95203321],
       [-0.43195585],
       [-0.82058765]]), array([[-0.15739844],
       [-0.041758  ],
       [ 0.0041852 ]]), array([[ 0.21343742],
       [ 0.08643678],
       [-0.0820846 ]]), array([[-0.58660635],
       [-0.07141473],
       [-0.00148902]]), array([[-0.06845132],
       [-0.41301788],
       [-0.0338172 ]]), array([[-1.01457742],
       [ 0.06278336],
       [ 0.07779657]]), array([[ 0.08548953],
       [-0.35933395],
       [-1.38749273]]), array([[-0.54533315],
       [-0.10321796],
       [-0.08251458]]), array([[-0.99628978],
       [ 0.22987907],
       [ 0.38374324]]), array([[-0.68786587],
       [-0.30516125],
       [-0.01490386]]), array([[-0.68678187],
       [-0.3106019 ],
       [ 0.00816836]]), array([[ 0.31251012],
       [ 0.14692127],
       [-0.05234317]]), array([[-0.89588809],
       [ 0.56711571],
       [ 1.00022954]]), array([[0.36638627],
       [0.24197038],
       [0.04551672]]), array([[-0.08975227],
       [-0.61601854],
       [ 0.10411842]]), array([[ 0.1511758 ],
       [-0.05680299],
       [-0.04769899]]), array([[0.41290868],
       [0.38757067],
       [0.00434297]]), array([[-0.11319997],
       [-0.62360357],
       [ 0.08943977]]), array([[-0.98582444],
       [ 0.28627186],
       [ 0.48672406]]), array([[-0.94031875],
       [ 0.45026991],
       [ 0.7858726 ]]), array([[-0.91796047],
       [-0.53099333],
       [-0.99836419]]), array([[ 0.07010739],
       [-0.06661135],
       [ 0.00059904]]), array([[-1.00573975],
       [-0.18292502],
       [-0.37011152]]), array([[ 0.16042095],
       [ 0.44484641],
       [-0.08221406]]), array([[-0.96292873],
       [ 0.3781449 ],
       [ 0.65433806]]), array([[-1.01713085],
       [-0.00759925],
       [-0.05045702]]), array([[ 0.31592889],
       [ 0.18086394],
       [-0.06512492]]), array([[-1.00768054],
       [ 0.15237581],
       [ 0.24170681]]), array([[-0.98595156],
       [-0.3022285 ],
       [-0.58720493]]), array([[ 0.45577387],
       [ 0.1114801 ],
       [-0.12572589]]), array([[ 0.29812282],
       [ 0.14125919],
       [-0.09620972]]), array([[-0.32646018],
       [-0.1303593 ],
       [ 0.00426729]]), array([[-0.00945629],
       [-0.04306538],
       [-0.0503159 ]])]
Tvecs: 
[array([[-3.52276366],
       [-3.18702477],
       [11.01871991]]), array([[ 1.99036953],
       [-2.14481746],
       [25.48720626]]), array([[-3.7837088 ],
       [-2.2124163 ],
       [25.72449909]]), array([[-4.64623042],
       [-1.37073515],
       [24.40482871]]), array([[-6.35959979],
       [-1.07945134],
       [13.13910364]]), array([[-3.24522417],
       [-0.97601451],
       [14.15779484]]), array([[-6.26436518],
       [-2.36090458],
       [14.02767888]]), array([[-5.69611357],
       [ 1.49999174],
       [19.86920444]]), array([[-4.96599719],
       [-2.34056893],
       [16.69943682]]), array([[-4.08897952],
       [-2.30727383],
       [14.51346952]]), array([[-5.5258311 ],
       [-3.73089834],
       [14.48747778]]), array([[-3.83598735],
       [-3.87867478],
       [12.97942314]]), array([[-4.05554477],
       [-2.06989602],
       [25.51031328]]), array([[-3.53472295],
       [ 5.18202428],
       [15.27006463]]), array([[-4.47664914],
       [ 0.15526258],
       [14.81373217]]), array([[-2.90782411],
       [-2.33722304],
       [25.90608709]]), array([[-4.41146886],
       [-2.41696391],
       [13.35618567]]), array([[-4.32181346],
       [-2.54247167],
       [13.3326665 ]]), array([[-6.12107027],
       [ 0.5026252 ],
       [12.02963223]]), array([[ 1.11649391],
       [-2.23156487],
       [25.64453322]]), array([[-5.67757656],
       [-1.76056045],
       [12.40044652]]), array([[-2.33196282],
       [-2.9303939 ],
       [ 9.34669728]]), array([[-5.23752241],
       [-1.6617291 ],
       [11.90142086]]), array([[-6.64854997],
       [-2.32171496],
       [11.77423482]]), array([[-2.74531232],
       [-1.93595263],
       [ 9.69786476]]), array([[-2.57725637],
       [-2.2246488 ],
       [25.72273385]]), array([[-1.13152183],
       [-2.42808294],
       [26.01925643]]), array([[-4.84795651],
       [ 2.20289757],
       [18.72775642]]), array([[-4.71059878],
       [-0.838364  ],
       [11.85409595]]), array([[-5.3342535 ],
       [-0.67130935],
       [23.311676  ]]), array([[-5.00098106],
       [-3.14708556],
       [14.03844074]]), array([[-1.7687379 ],
       [-2.30952241],
       [25.8470261 ]]), array([[-4.42514082],
       [-1.84572449],
       [25.15901675]]), array([[-6.27059024],
       [-0.70992992],
       [11.97823983]]), array([[-3.51806802],
       [-2.40615071],
       [26.02915894]]), array([[-6.03529512],
       [ 0.42837709],
       [21.58266431]]), array([[-4.82919279],
       [-3.54353486],
       [14.84934835]]), array([[-5.36308123],
       [-3.24411921],
       [14.85451307]]), array([[-6.08486107],
       [-1.26154747],
       [14.0534591 ]]), array([[-2.65672607],
       [-1.36254154],
       [11.63536859]])]
Dist: 
[[ 0.05217261 -0.27133309 -0.0027871   0.00902003  0.49573976]]
Mtx: 
722.44 0.00 415.49
0.00 729.30 279.23
0.00 0.00 1.00
Revcs: 
[array([[ 0.9464457 ],
       [-0.08191614],
       [-0.02560667]]), array([[-0.87409121],
       [ 0.61545592],
       [ 1.08977698]]), array([[-1.0122087 ],
       [ 0.10972184],
       [ 0.16392818]]), array([[-1.01526195],
       [-0.07063908],
       [-0.16589176]]), array([[-0.07971779],
       [ 0.42673443],
       [-0.06729934]]), array([[-0.11802955],
       [ 0.06902186],
       [ 0.02356913]]), array([[-0.65557162],
       [-0.08062054],
       [-0.01028011]]), array([[-0.95217394],
       [-0.43191058],
       [-0.82051771]]), array([[-0.15739905],
       [-0.04160984],
       [ 0.00419628]]), array([[ 0.21334416],
       [ 0.08649875],
       [-0.08209937]]), array([[-0.58664692],
       [-0.07131191],
       [-0.00145734]]), array([[-0.06851863],
       [-0.41283718],
       [-0.0337914 ]]), array([[-1.01465711],
       [ 0.06290345],
       [ 0.07785873]]), array([[ 0.08530506],
       [-0.35916421],
       [-1.3875017 ]]), array([[-0.54546236],
       [-0.10309783],
       [-0.08248333]]), array([[-0.99635778],
       [ 0.23001452],
       [ 0.38379824]]), array([[-0.68793415],
       [-0.30503728],
       [-0.01484802]]), array([[-0.68684758],
       [-0.31047631],
       [ 0.00822465]]), array([[ 0.31241305],
       [ 0.1469929 ],
       [-0.05238116]]), array([[-0.89591163],
       [ 0.56728918],
       [ 1.00027688]]), array([[-0.7617897 ],
       [ 0.81689537],
       [ 1.45948008]]), array([[0.36629746],
       [0.24203736],
       [0.04548072]]), array([[-0.08982273],
       [-0.61582936],
       [ 0.10415719]]), array([[ 0.15111444],
       [-0.05668708],
       [-0.04770799]]), array([[0.41281241],
       [0.38762235],
       [0.00430434]]), array([[-0.11329211],
       [-0.62341008],
       [ 0.0894798 ]]), array([[-0.9858915 ],
       [ 0.28641077],
       [ 0.48677443]]), array([[-0.94036853],
       [ 0.45041821],
       [ 0.78591518]]), array([[-0.91811847],
       [-0.53095614],
       [-0.99828528]]), array([[ 0.07008095],
       [-0.06649728],
       [ 0.000593  ]]), array([[-1.00584732],
       [-0.18283582],
       [-0.37004542]]), array([[ 0.16034195],
       [ 0.44489052],
       [-0.08223877]]), array([[-0.96298778],
       [ 0.37828996],
       [ 0.65438386]]), array([[-1.01721658],
       [-0.00748635],
       [-0.05039245]]), array([[ 0.31583382],
       [ 0.18091808],
       [-0.0651575 ]]), array([[-1.00775154],
       [ 0.15250368],
       [ 0.24176563]]), array([[-0.98607379],
       [-0.30216482],
       [-0.58714126]]), array([[ 0.45568683],
       [ 0.11155313],
       [-0.12574975]]), array([[ 0.29802475],
       [ 0.14133966],
       [-0.09622891]]), array([[-0.32647515],
       [-0.13025965],
       [ 0.00428649]]), array([[-0.00946966],
       [-0.04293727],
       [-0.0503149 ]])]
Tvecs: 
[array([[-3.52130718],
       [-3.18586075],
       [11.01501673]]), array([[ 1.99376104],
       [-2.14241898],
       [25.47994384]]), array([[-3.78037279],
       [-2.20999019],
       [25.71691853]]), array([[-4.64304356],
       [-1.3684286 ],
       [24.39734051]]), array([[-6.35822737],
       [-1.07812471],
       [13.13611157]]), array([[-3.24340954],
       [-0.97469867],
       [14.15332519]]), array([[-6.26260358],
       [-2.35964491],
       [14.02420068]]), array([[-5.69346163],
       [ 1.50184974],
       [19.86244953]]), array([[-4.96381625],
       [-2.33898486],
       [16.69452765]]), array([[-4.08707571],
       [-2.30585183],
       [14.50900515]]), array([[-5.52395512],
       [-3.72959623],
       [14.48375186]]), array([[-3.83431182],
       [-3.87742418],
       [12.97566623]]), array([[-4.05223035],
       [-2.06749088],
       [25.50272892]]), array([[-3.53282272],
       [ 5.18363858],
       [15.26540528]]), array([[-4.47472015],
       [ 0.15671878],
       [14.80998852]]), array([[-2.90448182],
       [-2.33476832],
       [25.89859183]]), array([[-4.40969314],
       [-2.41573626],
       [13.35274853]]), array([[-4.32003988],
       [-2.54124768],
       [13.32924044]]), array([[-6.11952888],
       [ 0.50387038],
       [12.02620791]]), array([[ 1.11985553],
       [-2.22913894],
       [25.63720759]]), array([[ 5.19577578],
       [-1.221228  ],
       [23.92784033]]), array([[-5.67602044],
       [-1.75930416],
       [12.39701075]]), array([[-2.33074966],
       [-2.92950617],
       [ 9.34399549]]), array([[-5.23595024],
       [-1.66054989],
       [11.89787398]]), array([[-6.64714173],
       [-2.32052225],
       [11.77131798]]), array([[-2.7440941 ],
       [-1.93502861],
       [ 9.69522418]]), array([[-2.57395551],
       [-2.22219602],
       [25.71537028]]), array([[-1.12820244],
       [-2.42560669],
       [26.01179943]]), array([[-4.84545615],
       [ 2.20462166],
       [18.721052  ]]), array([[-4.70903127],
       [-0.83718635],
       [11.85048363]]), array([[-5.33119526],
       [-0.66909962],
       [23.30429371]]), array([[-4.999332  ],
       [-3.14575159],
       [14.03500814]]), array([[-1.76543419],
       [-2.30705456],
       [25.83964753]]), array([[-4.42186334],
       [-1.84335262],
       [25.15140934]]), array([[-6.26907132],
       [-0.70869915],
       [11.97487837]]), array([[-3.51469736],
       [-2.40369785],
       [26.0215228 ]]), array([[-6.03244175],
       [ 0.43042001],
       [21.57568405]]), array([[-4.82722635],
       [-3.54206805],
       [14.84485662]]), array([[-5.36114098],
       [-3.24267186],
       [14.85020982]]), array([[-6.08302792],
       [-1.26022978],
       [14.04961224]]), array([[-2.65519628],
       [-1.36141465],
       [11.63179059]])]
Dist: 
[[ 0.05331442 -0.27871727 -0.00279659  0.00898195  0.5093663 ]]
Mtx: 
721.14 0.00 414.75
0.00 728.66 280.26
0.00 0.00 1.00
Revcs: 
[array([[ 0.9472197 ],
       [-0.08115197],
       [-0.02608497]]), array([[-0.87313324],
       [ 0.61597437],
       [ 1.09033712]]), array([[-1.01145511],
       [ 0.11041192],
       [ 0.16440146]]), array([[-1.0146361 ],
       [-0.06984556],
       [-0.16546196]]), array([[-0.07853613],
       [ 0.42699686],
       [-0.06710031]]), array([[-0.61804471],
       [-1.0316471 ],
       [-1.88964858]]), array([[-0.75314618],
       [ 0.83066704],
       [ 1.47881968]]), array([[-0.33600562],
       [-1.30945299],
       [-2.37547657]]), array([[-0.85695447],
       [-0.6683275 ],
       [-1.24576775]]), array([[-0.11665201],
       [ 0.07021989],
       [ 0.02353486]]), array([[-0.65455036],
       [-0.0803992 ],
       [-0.01000207]]), array([[-0.95188184],
       [-0.43113977],
       [-0.82017791]]), array([[-0.15605892],
       [-0.04052913],
       [ 0.00431197]]), array([[-0.07985049],
       [ 1.46113814],
       [ 2.63419304]]), array([[-0.78236906],
       [-0.8024592 ],
       [-1.48514049]]), array([[ 0.21423939],
       [ 0.08753301],
       [-0.08217127]]), array([[-0.809152  ],
       [-0.75779607],
       [-1.4058533 ]]), array([[-0.58541366],
       [-0.07077569],
       [-0.00118289]]), array([[-0.06747227],
       [-0.41169793],
       [-0.03384671]]), array([[-1.01392599],
       [ 0.06362376],
       [ 0.07832138]]), array([[-0.47280726],
       [-1.18769748],
       [-2.16460629]]), array([[-0.52177753],
       [-1.13796069],
       [-2.07717547]]), array([[-0.55321829],
       [ 1.08265261],
       [ 1.93858825]]), array([[ 0.08468695],
       [-0.35718986],
       [-1.38782718]]), array([[-0.75377712],
       [-0.84774896],
       [-1.56543401]]), array([[-0.67767063],
       [ 0.93713181],
       [ 1.67243035]]), array([[-0.11254601],
       [-1.47101221],
       [-2.65815885]]), array([[-0.54545529],
       [-0.10225337],
       [-0.08228133]]), array([[-0.82938395],
       [-0.72183034],
       [-1.34151909]]), array([[-0.9955823 ],
       [ 0.23062648],
       [ 0.38429133]]), array([[-0.8329683 ],
       [ 0.69538272],
       [ 1.23688244]]), array([[-0.72350565],
       [ 0.87384931],
       [ 1.55732313]]), array([[-0.68723949],
       [-0.30423999],
       [-0.01463514]]), array([[-0.33199346],
       [ 1.28667602],
       [ 2.31132168]]), array([[-0.68613522],
       [-0.30967903],
       [ 0.00843286]]), array([[ 0.31336562],
       [ 0.14788459],
       [-0.05245001]]), array([[-0.89501767],
       [ 0.56777978],
       [ 1.00082139]]), array([[-0.65035261],
       [-0.99151669],
       [-1.81992308]]), array([[-0.47301861],
       [ 1.16398016],
       [ 2.08611613]]), array([[-0.23119806],
       [-1.38971528],
       [-2.51677861]]), array([[-0.76052051],
       [ 0.81755488],
       [ 1.46007705]]), array([[0.36726423],
       [0.24279339],
       [0.04548487]]), array([[-0.08908465],
       [-0.61450349],
       [ 0.10401295]]), array([[-0.41424701],
       [ 1.21820461],
       [ 2.1849488 ]]), array([[ 0.1521682 ],
       [-0.05538646],
       [-0.04772617]]), array([[-0.41228337],
       [-1.2437185 ],
       [-2.26159098]]), array([[0.41378231],
       [0.38827776],
       [0.00445819]]), array([[-0.11287001],
       [-0.62197808],
       [ 0.08933083]]), array([[-0.89569754],
       [-0.58469414],
       [-1.09613752]]), array([[-0.03809103],
       [-1.51568525],
       [-2.73760924]]), array([[-0.27996614],
       [ 1.32694688],
       [ 2.38471385]]), array([[-0.98513275],
       [ 0.28696254],
       [ 0.48726784]]), array([[-0.93956559],
       [ 0.45082351],
       [ 0.78642724]]), array([[-0.91798296],
       [-0.53011072],
       [-0.99794916]]), array([[ 0.07131   ],
       [-0.06512679],
       [ 0.00053425]]), array([[-0.2101375 ],
       [ 1.37719884],
       [ 2.47719465]]), array([[-1.00530632],
       [-0.18204212],
       [-0.36965134]]), array([[-0.87562364],
       [-0.62952053],
       [-1.17666232]]), array([[-0.57311387],
       [-1.08275477],
       [-1.9798392 ]]), array([[ 0.16121836],
       [ 0.44559945],
       [-0.08207652]]), array([[-0.96221342],
       [ 0.37876707],
       [ 0.6548861 ]]), array([[-0.68963557],
       [-0.94037404],
       [-1.72870949]]), array([[-1.01652204],
       [-0.0067256 ],
       [-0.04994661]]), array([[ 0.3168095 ],
       [ 0.18172459],
       [-0.06514255]]), array([[-1.0069706 ],
       [ 0.15316479],
       [ 0.2422487 ]]), array([[-0.62126415],
       [ 1.00700982],
       [ 1.79942404]]), array([[-0.98563098],
       [-0.30143123],
       [-0.58678511]]), array([[ 0.4561591 ],
       [ 0.11247075],
       [-0.12583556]]), array([[ 0.29866682],
       [ 0.14242092],
       [-0.09620928]]), array([[-0.32544433],
       [-0.12985403],
       [ 0.00448382]]), array([[-0.00810105],
       [-0.04090571],
       [-0.05048136]])]
Tvecs: 
[array([[-3.51129873],
       [-3.19252583],
       [10.98604234]]), array([[ 2.01604788],
       [-2.15884229],
       [25.43166185]]), array([[-3.75819192],
       [-2.22700144],
       [25.66951172]]), array([[-4.62188157],
       [-1.38458419],
       [24.3515839 ]]), array([[-6.34867867],
       [-1.0879344 ],
       [13.11706758]]), array([[-0.21020703],
       [ 3.78066773],
       [16.01624269]]), array([[ 3.468384  ],
       [-1.91024831],
       [24.98649667]]), array([[ 2.04377818],
       [ 3.45835149],
       [16.40253704]]), array([[-3.13212019],
       [ 2.95099849],
       [17.44956584]]), array([[-3.23109276],
       [-0.98420819],
       [14.12724732]]), array([[-6.25054032],
       [-2.37098401],
       [14.00057317]]), array([[-5.67595641],
       [ 1.48807995],
       [19.82565725]]), array([[-4.94908862],
       [-2.3504898 ],
       [16.66312506]]), array([[ 4.7025616 ],
       [ 1.69208019],
       [19.12376344]]), array([[-1.90668401],
       [ 3.56573383],
       [16.44036785]]), array([[-4.07444793],
       [-2.31539298],
       [14.47938684]]), array([[-2.3124344 ],
       [ 3.35882476],
       [16.77974834]]), array([[-5.51112081],
       [-3.74104724],
       [14.45635281]]), array([[-3.82265674],
       [-3.88612253],
       [12.94637179]]), array([[-4.03020264],
       [-2.08437958],
       [25.45550407]]), array([[ 0.85340392],
       [ 3.78331182],
       [15.95129838]]), array([[ 0.52979226],
       [ 3.75187375],
       [16.02543274]]), array([[ 4.46165333],
       [-1.20859081],
       [23.79454987]]), array([[-3.52020499],
       [ 5.17425145],
       [15.24562401]]), array([[-1.34161664],
       [ 3.61358915],
       [16.34894186]]), array([[ 3.87002565],
       [-1.60885841],
       [24.47423526]]), array([[ 3.83360558],
       [ 2.49998254],
       [17.8580743 ]]), array([[-4.46143232],
       [ 0.14695826],
       [14.78812995]]), array([[-2.76909163],
       [ 3.23216926],
       [16.99304941]]), array([[-2.88223585],
       [-2.35175347],
       [25.85135411]]), array([[ 3.61573603],
       [-2.00916556],
       [25.15753216]]), array([[ 3.62457195],
       [-1.82129728],
       [24.8301794 ]]), array([[-4.3976068 ],
       [-2.42511757],
       [13.32878716]]), array([[ 4.96487708],
       [ 0.26816719],
       [21.39496486]]), array([[-4.30797319],
       [-2.55060252],
       [13.30514707]]), array([[-6.10875101],
       [ 0.49523106],
       [12.00651181]]), array([[ 1.14204159],
       [-2.24561303],
       [25.58924131]]), array([[-0.37501534],
       [ 3.65555249],
       [16.23430414]]), array([[ 4.63024679],
       [-0.77001051],
       [23.07801079]]), array([[ 3.16346273],
       [ 2.97884904],
       [17.12735327]]), array([[ 5.21775476],
       [-1.23705148],
       [23.87997514]]), array([[-5.66514931],
       [-1.76794808],
       [12.3741077 ]]), array([[-2.32281451],
       [-2.93598428],
       [ 9.3244912 ]]), array([[ 4.85676363],
       [-0.38682343],
       [22.4539737 ]]), array([[-5.22555433],
       [-1.66887519],
       [11.87627291]]), array([[ 1.21591122],
       [ 3.70741219],
       [16.04956653]]), array([[-6.63684116],
       [-2.32935965],
       [11.7500167 ]]), array([[-2.7364541 ],
       [-1.94175142],
       [ 9.67917261]]), array([[-4.08574166],
       [ 2.40561534],
       [18.3328853 ]]), array([[ 4.08357642],
       [ 2.28058432],
       [18.20514198]]), array([[ 4.94293461],
       [ 0.58050687],
       [20.88746552]]), array([[-2.55198096],
       [-2.23895582],
       [25.66911987]]), array([[-1.10615865],
       [-2.44246501],
       [25.96469564]]), array([[-4.82890349],
       [ 2.1915563 ],
       [18.68505764]]), array([[-4.69876017],
       [-0.84522127],
       [11.82998079]]), array([[ 4.84435759],
       [ 1.06676066],
       [20.1103383 ]]), array([[-5.31092774],
       [-0.68467379],
       [23.26052784]]), array([[-3.57495618],
       [ 2.75400084],
       [17.7710126 ]]), array([[ 0.16026992],
       [ 3.79527159],
       [15.98202579]]), array([[-4.98756239],
       [-3.15562991],
       [14.00930994]]), array([[-1.74345847],
       [-2.32379717],
       [25.79310803]]), array([[-0.74621094],
       [ 3.69246714],
       [16.19188617]]), array([[-4.40009598],
       [-1.86003174],
       [25.1043819 ]]), array([[-6.25843878],
       [-0.7172988 ],
       [11.95420756]]), array([[-3.49228127],
       [-2.42090927],
       [25.97352663]]), array([[ 4.0670066 ],
       [-1.32770743],
       [24.00503127]]), array([[-6.01359288],
       [ 0.41566857],
       [21.53623608]]), array([[-4.81404803],
       [-3.55231252],
       [14.8134905 ]]), array([[-5.34796993],
       [-3.25305441],
       [14.82074308]]), array([[-6.07025838],
       [-1.27082257],
       [14.0256574 ]]), array([[-2.64555136],
       [-1.36872889],
       [11.61131445]])]
Dist: 
[[ 0.05679849 -0.30853488 -0.00217107  0.00847797  0.56349182]]
Mtx: 
312.93 0.00 533.66
0.00 311.25 197.18
0.00 0.00 1.00
Revcs: 
[array([[-0.99674966],
       [-1.68307279],
       [-1.84427921]]), array([[-0.14591112],
       [ 2.04879237],
       [ 1.8097407 ]]), array([[-1.55963454],
       [ 0.1656967 ],
       [-0.22879581]]), array([[-1.60367824],
       [ 0.13652942],
       [-0.24540739]]), array([[-1.59370098],
       [-0.09125042],
       [-0.43173906]]), array([[-0.78388648],
       [-1.39430482],
       [-1.94724543]]), array([[-1.56676843],
       [ 0.31248608],
       [-0.12080318]]), array([[-1.03337598],
       [-1.73344188],
       [-1.82308824]])]
Tvecs: 
[array([[-14.28773224],
       [ 19.71980239],
       [ 16.28481597]]), array([[-10.25772787],
       [ 18.63564021],
       [ 22.67151421]]), array([[-14.35676434],
       [ 19.75980807],
       [ 29.31494602]]), array([[-15.7253494 ],
       [ 19.29240217],
       [ 29.23227235]]), array([[-22.96134191],
       [ 21.58772664],
       [ 26.04240932]]), array([[-13.75869588],
       [ 15.72067984],
       [ 17.7075849 ]]), array([[-9.80462175],
       [19.21277261],
       [31.61420164]]), array([[-14.37698917],
       [ 20.58112762],
       [ 15.86230322]])]
Dist: 
[[ 0.2902875  -0.05265407 -0.12472404  0.15202583  0.00620116]]
Mtx: 
381.39 0.00 374.83
0.00 186.15 279.93
0.00 0.00 1.00
Revcs: 
[array([[-1.04336111],
       [ 1.15397482],
       [ 0.98815738]]), array([[-0.15760559],
       [-0.52457591],
       [-1.53921495]]), array([[-0.99086283],
       [-1.32007978],
       [-1.81463122]]), array([[-0.31243903],
       [-0.31909424],
       [-1.37641914]]), array([[0.05850773],
       [2.20820035],
       [1.91976109]]), array([[-1.56531219],
       [ 0.37909356],
       [-0.08993573]]), array([[-0.53812514],
       [ 0.11395683],
       [ 1.55445674]]), array([[-1.66283282],
       [ 0.34117514],
       [-0.07871478]]), array([[-1.58796764],
       [ 0.03085854],
       [-0.19764871]]), array([[-0.74709707],
       [-0.73283747],
       [-2.01679165]]), array([[-0.25676356],
       [-0.42401868],
       [-1.45193863]]), array([[-1.60886396],
       [-0.00460173],
       [-0.20469665]]), array([[-1.64032831e+00],
       [ 5.49404384e-01],
       [ 1.48578809e-03]]), array([[-1.04291846],
       [-1.34212572],
       [-1.82131624]]), array([[-1.66188529],
       [-0.13012207],
       [-0.25625113]]), array([[-0.26743995],
       [-0.16608037],
       [ 0.05505006]]), array([[-0.28114903],
       [-0.08838925],
       [ 0.09563783]]), array([[-1.54714031],
       [ 0.52078982],
       [-0.01340534]]), array([[-0.24291728],
       [-0.31659665],
       [-0.00785874]]), array([[-0.28748882],
       [ 0.53963694],
       [ 3.13231701]]), array([[-0.47449785],
       [ 0.13085198],
       [ 1.65061572]]), array([[-0.18784117],
       [ 0.49354191],
       [ 3.20955843]]), array([[-0.22194714],
       [-0.49233658],
       [-1.51540879]])]
Tvecs: 
[array([[-0.22653259],
       [42.72005631],
       [36.57702024]]), array([[-8.8863933 ],
       [51.08444637],
       [26.36275644]]), array([[-5.88495784],
       [42.87394438],
       [23.20020741]]), array([[ 7.25744807],
       [44.23439627],
       [27.19247119]]), array([[-0.76030397],
       [39.88338787],
       [28.1981219 ]]), array([[-3.1788822 ],
       [39.65392211],
       [34.66829353]]), array([[ 2.8467198 ],
       [39.16969537],
       [29.8306677 ]]), array([[-4.71937064],
       [38.64151833],
       [35.0600459 ]]), array([[-12.58472036],
       [ 42.72606008],
       [ 34.92673374]]), array([[-6.10660572],
       [30.53105316],
       [22.56947353]]), array([[ 0.47612694],
       [45.96332406],
       [26.73442424]]), array([[-10.73250301],
       [ 44.67059476],
       [ 31.96492457]]), array([[ 1.77287956],
       [37.89484868],
       [34.40133469]]), array([[-5.69089206],
       [45.69199393],
       [22.97141027]]), array([[-14.25691255],
       [ 47.41858974],
       [ 31.71787633]]), array([[ 0.8250749 ],
       [37.40848707],
       [28.37756496]]), array([[ 5.89800617],
       [36.80836656],
       [29.16397802]]), array([[ 4.44286507],
       [39.57937851],
       [33.60960033]]), array([[-7.9359847 ],
       [41.30147108],
       [27.72053548]]), array([[ 2.27491308],
       [46.82820311],
       [28.14492233]]), array([[ 9.55040814],
       [36.43169147],
       [29.24872908]]), array([[ 7.39235777],
       [44.13790242],
       [27.50037696]]), array([[-4.53472843],
       [48.4029893 ],
       [26.45293213]])]
Dist: 
[[ 0.07256425 -0.01652222 -0.02632064  0.00306624  0.00129971]]
Mtx: 
719.38 0.00 414.94
0.00 725.49 279.55
0.00 0.00 1.00
Revcs: 
[array([[-1.00629162],
       [ 0.92308242],
       [ 1.14980425]]), array([[ 0.94727411],
       [-0.08104316],
       [-0.02599485]]), array([[-0.87311377],
       [ 0.61592745],
       [ 1.09034523]]), array([[-1.00563805],
       [-1.11305584],
       [-1.45647299]]), array([[-1.01144704],
       [ 0.11027287],
       [ 0.16434372]]), array([[-0.83233218],
       [-1.2163135 ],
       [-1.78868095]]), array([[-1.01460092],
       [-0.06999936],
       [-0.16552867]]), array([[-0.07882838],
       [ 0.42619596],
       [-0.06716083]]), array([[-0.61804565],
       [-1.03178753],
       [-1.88967239]]), array([[-0.75311797],
       [ 0.83064843],
       [ 1.47881366]]), array([[-1.06716378],
       [-0.90996435],
       [-1.21452647]]), array([[-0.33600114],
       [-1.30968722],
       [-2.37546377]]), array([[-0.85706977],
       [-0.66833958],
       [-1.24579889]]), array([[-0.11618296],
       [ 0.06869512],
       [ 0.02355686]]), array([[-0.65449869],
       [-0.08072383],
       [-0.01014566]]), array([[-0.9519832 ],
       [-0.43134628],
       [-0.82028187]]), array([[0.02170742],
       [1.93163447],
       [2.29839695]]), array([[-0.15606327],
       [-0.04127599],
       [ 0.00427887]]), array([[-0.07991264],
       [ 1.46116284],
       [ 2.63412899]]), array([[-0.78245945],
       [-0.80246048],
       [-1.48516824]]), array([[ 0.21375187],
       [ 0.08660546],
       [-0.08212724]]), array([[-1.32998743],
       [ 0.1696108 ],
       [ 0.03511235]]), array([[-0.8092493 ],
       [-0.75779428],
       [-1.4058812 ]]), array([[-0.58523228],
       [-0.0710869 ],
       [-0.00129665]]), array([[-0.06760631],
       [-0.41174811],
       [-0.03389112]]), array([[ 0.40643125],
       [-0.58223355],
       [ 1.44118319]]), array([[-1.01390338],
       [ 0.06348012],
       [ 0.07826271]]), array([[-0.4727994 ],
       [-1.18794458],
       [-2.16460752]]), array([[-1.38849306],
       [ 0.18526356],
       [ 0.04091278]]), array([[-0.52176476],
       [-1.13817295],
       [-2.07718522]]), array([[-0.55329484],
       [ 1.08264952],
       [ 1.93852638]]), array([[-1.36558613],
       [ 0.05236968],
       [-0.10368384]]), array([[ 0.08494144],
       [-0.3570444 ],
       [-1.38779222]]), array([[-0.75384405],
       [-0.8477456 ],
       [-1.5654584 ]]), array([[-0.67767812],
       [ 0.93713696],
       [ 1.67239336]]), array([[-0.11252401],
       [-1.47113086],
       [-2.6581567 ]]), array([[-0.54532176],
       [-0.10242179],
       [-0.08233092]]), array([[-0.82949317],
       [-0.72184313],
       [-1.34155163]]), array([[-0.99562433],
       [ 0.23050407],
       [ 0.38423179]]), array([[-0.83285734],
       [ 0.69537409],
       [ 1.2369389 ]]), array([[-0.72349019],
       [ 0.87383842],
       [ 1.55730526]]), array([[-0.6871172 ],
       [-0.30445079],
       [-0.01468733]]), array([[-0.71308484],
       [-1.17305761],
       [-1.78918482]]), array([[-0.33211872],
       [ 1.28668566],
       [ 2.31124556]]), array([[-1.01788412],
       [-0.98014266],
       [-1.33600816]]), array([[-1.35036689],
       [ 0.0033023 ],
       [-0.13450564]]), array([[-1.37676217],
       [ 0.24554052],
       [ 0.125563  ]]), array([[-0.68600825],
       [-0.30988989],
       [ 0.00838186]]), array([[ 0.3130188 ],
       [ 0.14710254],
       [-0.05235363]]), array([[-0.89503961],
       [ 0.56771102],
       [ 1.00080613]]), array([[-0.83777812],
       [-1.21874071],
       [-1.79878073]]), array([[-0.65035303],
       [-0.99161245],
       [-1.81994934]]), array([[-0.47313943],
       [ 1.16397391],
       [ 2.08603962]]), array([[-0.23120347],
       [-1.38986791],
       [-2.51676695]]), array([[-0.7603098 ],
       [ 0.81762835],
       [ 1.46015762]]), array([[-1.38730746],
       [-0.04586419],
       [-0.19652092]]), array([[0.36689335],
       [0.24216433],
       [0.04555307]]), array([[-0.08912606],
       [-0.61448861],
       [ 0.10403475]]), array([[-0.41437274],
       [ 1.21819958],
       [ 2.18487616]]), array([[ 0.15183115],
       [-0.05588795],
       [-0.0477062 ]]), array([[-0.4122696 ],
       [-1.24399103],
       [-2.26158601]]), array([[0.41376118],
       [0.38755624],
       [0.00454357]]), array([[-0.11289214],
       [-0.62194103],
       [ 0.0894111 ]]), array([[-0.89581026],
       [-0.58476575],
       [-1.09618743]]), array([[-0.03804488],
       [-1.51580317],
       [-2.73760935]]), array([[-0.28008999],
       [ 1.32695734],
       [ 2.38463897]]), array([[-1.33619016],
       [ 0.06535077],
       [-0.04126479]]), array([[-0.98521358],
       [ 0.28684436],
       [ 0.48719559]]), array([[-1.32450186],
       [ 0.11826148],
       [ 0.04281468]]), array([[-0.9396731 ],
       [ 0.45068997],
       [ 0.78635039]]), array([[-0.91810829],
       [-0.53024308],
       [-0.99802181]]), array([[ 0.0713202 ],
       [-0.06578601],
       [ 0.00058953]]), array([[-0.2102485 ],
       [ 1.37722146],
       [ 2.4771158 ]]), array([[-1.00529249],
       [-0.18223658],
       [-0.36974229]]), array([[-0.87574479],
       [-0.62955641],
       [-1.17670064]]), array([[-0.57310888],
       [-1.08293086],
       [-1.97985611]]), array([[-1.33561258],
       [ 0.13723568],
       [ 0.08759788]]), array([[ 0.16129871],
       [ 0.44480328],
       [-0.08204831]]), array([[-1.38261654],
       [-0.02282212],
       [-0.19901487]]), array([[-0.9623159 ],
       [ 0.37864529],
       [ 0.65481018]]), array([[0.01273672],
       [1.92115074],
       [2.39113075]]), array([[-0.90689507],
       [ 1.05340046],
       [ 1.30593349]]), array([[0.12532895],
       [1.9644664 ],
       [2.46897594]]), array([[-0.68965969],
       [-0.94043516],
       [-1.72873746]]), array([[-1.01648094],
       [-0.00688103],
       [-0.05000923]]), array([[ 0.31647511],
       [ 0.18107781],
       [-0.06507658]]), array([[-1.00697142],
       [ 0.15302376],
       [ 0.24219199]]), array([[-0.62131022],
       [ 1.00702798],
       [ 1.79936138]]), array([[-0.98568158],
       [-0.30167169],
       [-0.58690542]]), array([[ 0.4561408 ],
       [ 0.11200459],
       [-0.12575807]]), array([[ 0.29860004],
       [ 0.14171355],
       [-0.09616171]]), array([[-0.32529059],
       [-0.13006244],
       [ 0.00445416]]), array([[-0.00823602],
       [-0.04256399],
       [-0.050414  ]]), array([[-0.99453016],
       [-1.04883591],
       [-1.41685952]])]
Tvecs: 
[array([[-3.9274786 ],
       [16.71181312],
       [65.27776354]]), array([[-3.51317159],
       [-3.19246461],
       [10.96404998]]), array([[ 2.01400585],
       [-2.15811157],
       [25.39319964]]), array([[-11.48146583],
       [ 19.89678084],
       [ 48.30917806]]), array([[-3.76091374],
       [-2.22613542],
       [25.62321432]]), array([[-9.05857632],
       [18.59111373],
       [47.40197643]]), array([[-4.62436567],
       [-1.38370147],
       [24.30525092]]), array([[-6.35203608],
       [-1.08676518],
       [13.09193597]]), array([[-0.21195798],
       [ 3.78119057],
       [15.97766186]]), array([[ 3.4663828 ],
       [-1.90952997],
       [24.94642219]]), array([[ 4.32794428],
       [17.78183158],
       [50.46192309]]), array([[ 2.04190645],
       [ 3.45854644],
       [16.36223056]]), array([[-3.13398849],
       [ 2.95186765],
       [17.41044263]]), array([[-3.23299841],
       [-0.98383894],
       [14.09462768]]), array([[-6.25239534],
       [-2.37042105],
       [13.97172558]]), array([[-5.67755327],
       [ 1.48889105],
       [19.77966957]]), array([[-4.00982086],
       [16.57796277],
       [53.61168163]]), array([[-4.95078597],
       [-2.34977455],
       [16.62512243]]), array([[ 4.70054579],
       [ 1.69292005],
       [19.08355702]]), array([[-1.90858525],
       [ 3.56664757],
       [16.40327369]]), array([[-4.07594493],
       [-2.31457556],
       [14.44847851]]), array([[-7.07476888],
       [16.04982222],
       [63.73659471]]), array([[-2.31433403],
       [ 3.35973324],
       [16.74204294]]), array([[-5.51301252],
       [-3.74066225],
       [14.42703395]]), array([[-3.82419654],
       [-3.88536168],
       [12.91770515]]), array([[-0.14067396],
       [14.66283538],
       [51.53252331]]), array([[-4.03288088],
       [-2.08352816],
       [25.40901454]]), array([[ 0.85167933],
       [ 3.78344398],
       [15.91118387]]), array([[-8.57077133],
       [15.57039911],
       [64.05725936]]), array([[ 0.52806647],
       [ 3.75213919],
       [15.9856344 ]]), array([[ 4.45951039],
       [-1.20769576],
       [23.75118648]]), array([[-15.82097626],
       [ 16.71728688],
       [ 61.97979462]]), array([[-3.52218231],
       [ 5.17532178],
       [15.21190957]]), array([[-1.34352181],
       [ 3.61454001],
       [16.31231078]]), array([[ 3.86794483],
       [-1.6080627 ],
       [24.43264595]]), array([[ 3.83156584],
       [ 2.50062915],
       [17.81803096]]), array([[-4.46339687],
       [ 0.14763982],
       [14.75993493]]), array([[-2.7709638 ],
       [ 3.23303166],
       [16.95457069]]), array([[-2.88501522],
       [-2.35079645],
       [25.8062117 ]]), array([[ 3.61426768],
       [-2.00857419],
       [25.12098906]]), array([[ 3.62252881],
       [-1.82055171],
       [24.78941106]]), array([[-4.3989583 ],
       [-2.42487732],
       [13.30187683]]), array([[-9.49703823],
       [13.80135624],
       [46.83983517]]), array([[ 4.96284576],
       [ 0.26908514],
       [21.35292929]]), array([[-2.41365346],
       [18.73526545],
       [50.53336356]]), array([[-13.81070493],
       [ 17.4557586 ],
       [ 57.01929854]]), array([[-2.16734376],
       [15.29619907],
       [63.08041051]]), array([[-4.30931188],
       [-2.5503752 ],
       [13.27834904]]), array([[-6.11038641],
       [ 0.49614017],
       [11.97921414]]), array([[ 1.13972945],
       [-2.24480519],
       [25.54961253]]), array([[-8.86888961],
       [19.85337476],
       [47.52577977]]), array([[-0.37680656],
       [ 3.65623108],
       [16.19612258]]), array([[ 4.62811797],
       [-0.76907513],
       [23.03441587]]), array([[ 3.16142509],
       [ 2.97934245],
       [17.08748379]]), array([[ 5.21684762],
       [-1.23636341],
       [23.8458476 ]]), array([[-16.98151714],
       [ 18.27124818],
       [ 55.98913371]]), array([[-5.66689101],
       [-1.76703043],
       [12.34718318]]), array([[-2.32376121],
       [-2.93546543],
       [ 9.30330148]]), array([[ 4.8546764 ],
       [-0.38588134],
       [22.41092179]]), array([[-5.22666692],
       [-1.66825455],
       [11.84882873]]), array([[ 1.21418817],
       [ 3.70746309],
       [16.00899215]]), array([[-6.63908163],
       [-2.3282451 ],
       [11.72330738]]), array([[-2.73734233],
       [-1.94132851],
       [ 9.65725272]]), array([[-4.08750171],
       [ 2.40641166],
       [18.29119133]]), array([[ 4.081562  ],
       [ 2.28126512],
       [18.16500533]]), array([[ 4.94092256],
       [ 0.5814144 ],
       [20.84578303]]), array([[-2.31400148],
       [16.62396587],
       [57.33225193]]), array([[-2.55480715],
       [-2.23789476],
       [25.62465854]]), array([[ 3.05719806],
       [16.22032579],
       [58.29376404]]), array([[-1.10906313],
       [-2.44144791],
       [25.92121149]]), array([[-4.83054326],
       [ 2.19230376],
       [18.64167893]]), array([[-4.69972781],
       [-0.84463554],
       [11.80171943]]), array([[ 4.84236537],
       [ 1.06762589],
       [20.06928897]]), array([[-5.31320714],
       [-0.6837214 ],
       [23.21322809]]), array([[-3.5767794 ],
       [ 2.75482988],
       [17.73088576]]), array([[ 0.15853124],
       [ 3.795666  ],
       [15.94291815]]), array([[ 0.51918009],
       [15.56783959],
       [60.21331138]]), array([[-4.9907901 ],
       [-3.15488237],
       [13.98291105]]), array([[-11.4915237 ],
       [ 17.88774284],
       [ 54.95889094]]), array([[-1.74632951],
       [-2.32273013],
       [25.74936392]]), array([[-0.58954057],
       [18.206892  ],
       [50.69096181]]), array([[ 6.84172083],
       [16.00214734],
       [58.4524108 ]]), array([[ 4.49660504],
       [17.477942  ],
       [50.24767624]]), array([[-0.74803708],
       [ 3.69324795],
       [16.154401  ]]), array([[-4.40270396],
       [-1.85919309],
       [25.05750772]]), array([[-6.2600622 ],
       [-0.71641212],
       [11.92736214]]), array([[-3.49505377],
       [-2.42004738],
       [25.92711932]]), array([[ 4.06488229],
       [-1.32685766],
       [23.96256235]]), array([[-6.01546582],
       [ 0.41662705],
       [21.48842907]]), array([[-4.81578561],
       [-3.55141129],
       [14.78189118]]), array([[-5.34979304],
       [-3.25202344],
       [14.78807832]]), array([[-6.07180618],
       [-1.27025523],
       [13.99497681]]), array([[-2.64625749],
       [-1.36838693],
       [11.58285398]]), array([[-7.38327734],
       [19.40946197],
       [49.5118087 ]])]
Dist: 
[[ 0.05226688 -0.25857318 -0.00226426  0.00887212  0.45106862]]
